1
265
295
741
754
742
785
864
864
779
782
783
784
786
788
869
872
521
790
811
797
800
817
865
807
808
848
849
850
814
999
0
2
3
4
6
55
63
86
87
115
116
459
516
821
827
830
875
900
868
913
918
895
924
925
921
922
932
934
935
933
944
945
39
40
54
950
956
960
970
77
952
971
972
973
974
986
967
987
988
992
985
995
996
994
8
10
11
998
16
19
14
20
21
23
18
26
28
25
30
32
29
36
37
33
171
172
186
187
190
173
178
179
181
177
182
208
210
211
212
214
215
216
217
218
205
285
271
296
298
299
290
309
318
291
313
321
326
293
310
314
315
294
307
308
297
302
303
300
304
305
350
362
301
316
317
376
306
322
325
311
378
342
348
388
404
343
373
375
391
347
383
385
372
386
387
382
422
425
401
406
412
461
462
460
466
467
522
569
570
472
477
479
508
551
474
476
485
486
481
484
490
727
483
493
494
495
496
509
489
511
512
514
510
518
519
517
525
528
529
521
533
535
532
538
539
542
537
544
546
543
548
550
547
563
578
562
730
732
728
753
755
756
757
759
760
1098
1183
1278
1279
1280
1284
1285
1287
1290
1291
1296
1299
1303
1307
1311
1313
1317
1413
1415
1418
1424
1442
1448
1451
1452
1461
1497
1535
1536
1537
1541
1542
1543
1546
1547
1548
1553
1555
1558
1559
1560
1563
1563
1563
1565
1566
1567
1570
1571
1583
1584
1585
1588
1590
1591
1592
1593
1594
1595
1596
1597
1652
1653
1654
1656
1663
1667
1670
1672
1676
1678
1683
1687
1692
1793